201	6	8486
1	452.0	353.0	28497	11315	0.03
2	465.0	86.0	72	108	0	36	0.02
3	433.0	465.0	21	42	0	21	0.03
4	14.0	457.0	49	98	0	49	0.04
5	296.0	25.0	198	297	0	99	0.02
6	95.0	228.0	62	93	0	31	0.05
7	305.0	449.0	10	20	0	10	0.04
8	8.0	484.0	98	196	0	98	0.05
9	467.0	323.0	92	184	0	92	0.05
10	189.0	231.0	34	51	0	17	0.03
11	48.0	88.0	164	246	0	82	0.02
12	294.0	78.0	95	190	0	95	0.05
13	34.0	418.0	76	114	0	38	0.01
14	263.0	32.0	180	270	0	90	0.03
15	31.0	130.0	184	276	0	92	0.02
16	13.0	304.0	35	70	0	35	0.05
17	188.0	474.0	22	33	0	11	0.01
18	351.0	59.0	91	182	0	91	0.04
19	30.0	361.0	188	282	0	94	0.02
20	390.0	225.0	196	294	0	98	0.04
21	358.0	212.0	19	38	0	19	0.04
22	499.0	188.0	71	142	0	71	0.04
23	324.0	81.0	134	201	0	67	0.05
24	15.0	158.0	52	104	0	52	0.01
25	297.0	79.0	66	99	0	33	0.03
26	184.0	144.0	74	111	0	37	0.04
27	281.0	478.0	83	166	0	83	0.02
28	388.0	103.0	188	282	0	94	0.03
29	58.0	326.0	112	168	0	56	0.03
30	58.0	30.0	136	204	0	68	0.01
31	373.0	179.0	85	170	0	85	0.01
32	344.0	366.0	68	136	0	68	0.02
33	119.0	345.0	74	111	0	37	0.02
34	82.0	26.0	77	154	0	77	0.04
35	309.0	375.0	66	99	0	33	0.03
36	467.0	80.0	156	234	0	78	0.04
37	377.0	419.0	50	75	0	25	0.02
38	482.0	379.0	142	213	0	71	0.04
39	308.0	476.0	39	78	0	39	0.01
40	447.0	403.0	78	156	0	78	0.03
41	466.0	95.0	174	261	0	87	0.04
42	313.0	38.0	164	246	0	82	0.02
43	279.0	270.0	36	54	0	18	0.02
44	125.0	76.0	124	186	0	62	0.02
45	167.0	140.0	88	176	0	88	0.02
46	413.0	460.0	40	60	0	20	0.02
47	65.0	262.0	88	176	0	88	0.02
48	206.0	66.0	31	62	0	31	0.03
49	380.0	270.0	184	276	0	92	0.02
50	296.0	53.0	48	96	0	48	0.04
51	143.0	180.0	89	178	0	89	0.04
52	201.0	0.0	41	82	0	41	0.04
53	346.0	326.0	174	261	0	87	0.04
54	405.0	438.0	88	132	0	44	0.03
55	212.0	120.0	32	48	0	16	0.05
56	450.0	74.0	96	192	0	96	0.04
57	76.0	343.0	16	32	0	16	0.04
58	216.0	345.0	70	105	0	35	0.04
59	152.0	226.0	22	33	0	11	0.05
60	395.0	358.0	130	195	0	65	0.01
61	229.0	423.0	20	30	0	10	0.03
62	30.0	139.0	12	24	0	12	0.03
63	242.0	99.0	32	64	0	32	0.04
64	92.0	49.0	83	166	0	83	0.05
65	181.0	293.0	170	255	0	85	0.04
66	275.0	314.0	38	76	0	38	0.03
67	328.0	35.0	41	82	0	41	0.03
68	478.0	55.0	82	164	0	82	0.01
69	183.0	82.0	190	285	0	95	0.04
70	348.0	5.0	66	132	0	66	0.02
71	303.0	300.0	184	276	0	92	0.01
72	298.0	365.0	122	183	0	61	0.03
73	467.0	316.0	24	36	0	12	0.04
74	95.0	56.0	61	122	0	61	0.03
75	125.0	117.0	35	70	0	35	0.05
76	370.0	184.0	166	249	0	83	0.03
77	265.0	366.0	30	60	0	30	0.01
78	310.0	490.0	11	22	0	11	0.01
79	181.0	275.0	95	190	0	95	0.02
80	167.0	484.0	89	178	0	89	0.01
81	481.0	22.0	11	22	0	11	0.04
82	17.0	298.0	58	116	0	58	0.03
83	212.0	62.0	82	164	0	82	0.03
84	471.0	461.0	34	68	0	34	0.04
85	201.0	81.0	186	279	0	93	0.04
86	7.0	191.0	190	285	0	95	0.05
87	482.0	466.0	80	120	0	40	0.03
88	455.0	40.0	48	96	0	48	0.03
89	497.0	70.0	192	288	0	96	0.05
90	462.0	305.0	196	294	0	98	0.04
91	95.0	218.0	182	273	0	91	0.02
92	83.0	162.0	136	204	0	68	0.04
93	338.0	71.0	108	162	0	54	0.01
94	318.0	427.0	91	182	0	91	0.02
95	28.0	352.0	76	152	0	76	0.01
96	83.0	371.0	158	237	0	79	0.03
97	130.0	436.0	95	190	0	95	0.02
98	131.0	36.0	96	144	0	48	0.02
99	330.0	398.0	42	84	0	42	0.05
100	73.0	256.0	108	162	0	54	0.03
101	240.0	79.0	23	46	0	23	0.04
102	184.0	444.0	142	213	0	71	0.04
103	150.0	65.0	49	98	0	49	0.04
104	296.0	60.0	104	156	0	52	0.04
105	205.0	113.0	94	141	0	47	0.02
106	487.0	68.0	60	90	0	30	0.02
107	381.0	82.0	120	180	0	60	0.02
108	99.0	80.0	34	51	0	17	0.02
109	247.0	103.0	54	81	0	27	0.03
110	457.0	32.0	68	136	0	68	0.04
111	209.0	252.0	100	150	0	50	0.03
112	52.0	257.0	47	94	0	47	0.04
113	201.0	359.0	36	54	0	18	0.03
114	397.0	148.0	84	126	0	42	0.01
115	177.0	91.0	49	98	0	49	0.03
116	93.0	358.0	51	102	0	51	0.02
117	329.0	55.0	88	176	0	88	0.05
118	184.0	262.0	164	246	0	82	0.02
119	81.0	101.0	71	142	0	71	0.03
120	458.0	157.0	62	124	0	62	0.01
121	97.0	334.0	124	186	0	62	0.01
122	267.0	6.0	126	189	0	63	0.03
123	139.0	349.0	46	69	0	23	0.02
124	359.0	376.0	106	159	0	53	0.03
125	387.0	342.0	36	54	0	18	0.04
126	452.0	489.0	87	174	0	87	0.05
127	296.0	22.0	120	180	0	60	0.04
128	163.0	209.0	30	45	0	15	0.05
129	267.0	332.0	51	102	0	51	0.01
130	68.0	276.0	184	276	0	92	0.04
131	125.0	5.0	28	56	0	28	0.04
132	486.0	168.0	27	54	0	27	0.02
133	242.0	24.0	110	165	0	55	0.01
134	247.0	412.0	80	120	0	40	0.02
135	16.0	270.0	20	30	0	10	0.03
136	192.0	174.0	88	132	0	44	0.04
137	316.0	373.0	64	96	0	32	0.05
138	4.0	150.0	130	195	0	65	0.04
139	385.0	12.0	23	46	0	23	0.04
140	259.0	74.0	32	64	0	32	0.03
141	78.0	58.0	190	285	0	95	0.01
142	428.0	370.0	37	74	0	37	0.03
143	194.0	13.0	40	60	0	20	0.03
144	361.0	184.0	77	154	0	77	0.04
145	177.0	476.0	46	92	0	46	0.02
146	338.0	71.0	94	188	0	94	0.05
147	94.0	75.0	91	182	0	91	0.02
148	412.0	240.0	37	74	0	37	0.03
149	329.0	296.0	80	160	0	80	0.02
150	489.0	267.0	100	150	0	50	0.04
151	453.0	438.0	62	124	0	62	0.03
152	262.0	446.0	14	28	0	14	0.01
153	280.0	121.0	106	159	0	53	0.03
154	104.0	340.0	126	189	0	63	0.05
155	475.0	147.0	84	168	0	84	0.05
156	253.0	323.0	47	94	0	47	0.05
157	84.0	123.0	19	38	0	19	0.04
158	22.0	324.0	51	102	0	51	0.02
159	154.0	386.0	57	114	0	57	0.02
160	78.0	308.0	80	120	0	40	0.02
161	118.0	493.0	21	42	0	21	0.04
162	488.0	63.0	87	174	0	87	0.04
163	248.0	228.0	28	56	0	28	0.05
164	319.0	353.0	180	270	0	90	0.02
165	100.0	381.0	46	69	0	23	0.04
166	371.0	425.0	104	156	0	52	0.02
167	441.0	37.0	79	158	0	79	0.04
168	182.0	280.0	74	111	0	37	0.02
169	187.0	159.0	89	178	0	89	0.04
170	78.0	264.0	98	196	0	98	0.01
171	183.0	124.0	28	42	0	14	0.01
172	141.0	223.0	146	219	0	73	0.03
173	50.0	217.0	52	104	0	52	0.02
174	488.0	230.0	98	196	0	98	0.02
175	143.0	92.0	28	42	0	14	0.01
176	267.0	369.0	74	111	0	37	0.03
177	67.0	245.0	190	285	0	95	0.02
178	161.0	110.0	53	106	0	53	0.03
179	305.0	478.0	47	94	0	47	0.02
180	234.0	386.0	40	80	0	40	0.03
181	259.0	462.0	184	276	0	92	0.05
182	341.0	405.0	62	93	0	31	0.02
183	173.0	30.0	81	162	0	81	0.05
184	201.0	185.0	70	140	0	70	0.02
185	292.0	206.0	25	50	0	25	0.02
186	302.0	112.0	150	225	0	75	0.03
187	57.0	64.0	128	192	0	64	0.05
188	300.0	416.0	67	134	0	67	0.05
189	190.0	7.0	32	64	0	32	0.01
190	374.0	220.0	36	72	0	36	0.01
191	123.0	382.0	130	195	0	65	0.02
192	482.0	474.0	126	189	0	63	0.03
193	291.0	60.0	164	246	0	82	0.01
194	216.0	2.0	99	198	0	99	0.04
195	322.0	39.0	72	108	0	36	0.03
196	471.0	122.0	78	117	0	39	0.02
197	104.0	70.0	22	44	0	22	0.02
198	88.0	163.0	140	210	0	70	0.02
199	267.0	110.0	128	192	0	64	0.05
200	71.0	81.0	144	216	0	72	0.03
201	165.0	359.0	140	210	0	70	0.05
